return {
  version = "1.1",
  luaversion = "5.1",
  orientation = "orthogonal",
  width = 30,
  height = 32,
  tilewidth = 32,
  tileheight = 32,
  properties = {},
  tilesets = {
    {
      name = "BlackAndWhite",
      firstgid = 1,
      tilewidth = 32,
      tileheight = 32,
      spacing = 0,
      margin = 0,
      image = "../img/BlackAndWhite.png",
      imagewidth = 320,
      imageheight = 32,
      tileoffset = {
        x = 0,
        y = 0
      },
      properties = {},
      tiles = {
        {
          id = 0,
          properties = {
            ["solid"] = "true"
          }
        },
        {
          id = 9,
          properties = {
            ["solid"] = "false"
          }
        }
      }
    },
    {
      name = "TileA5",
      firstgid = 11,
      tilewidth = 32,
      tileheight = 32,
      spacing = 0,
      margin = 0,
      image = "../img/TileA5.png",
      imagewidth = 256,
      imageheight = 512,
      tileoffset = {
        x = 0,
        y = 0
      },
      properties = {},
      tiles = {}
    }
  },
  layers = {
    {
      type = "tilelayer",
      name = "background",
      x = 0,
      y = 0,
      width = 30,
      height = 32,
      visible = true,
      opacity = 1,
      properties = {},
      encoding = "lua",
      data = {
        83, 84, 84, 84, 84, 84, 84, 84, 84, 84, 84, 84, 17, 17, 17, 17, 84, 84, 84, 84, 84, 84, 84, 84, 84, 84, 84, 84, 84, 85,
        91, 17, 17, 17, 17, 17, 17, 17, 17, 17, 17, 17, 17, 17, 17, 17, 17, 17, 17, 17, 17, 17, 17, 17, 17, 17, 17, 17, 17, 93,
        91, 17, 17, 17, 17, 17, 17, 17, 17, 64, 66, 17, 17, 17, 17, 17, 17, 17, 17, 17, 17, 17, 17, 17, 17, 17, 17, 17, 17, 93,
        91, 17, 17, 17, 17, 17, 17, 17, 17, 80, 82, 17, 17, 17, 17, 17, 17, 17, 17, 17, 17, 17, 17, 17, 17, 17, 17, 17, 17, 93,
        91, 17, 17, 17, 17, 17, 17, 17, 17, 88, 90, 17, 17, 17, 17, 17, 17, 17, 17, 17, 17, 17, 17, 64, 65, 66, 17, 17, 17, 93,
        91, 17, 17, 17, 17, 17, 17, 17, 17, 112, 114, 17, 17, 17, 17, 17, 17, 17, 17, 17, 17, 17, 17, 72, 73, 74, 17, 17, 17, 93,
        91, 17, 17, 64, 65, 66, 17, 17, 17, 17, 17, 17, 17, 17, 17, 17, 17, 17, 17, 17, 17, 17, 17, 80, 81, 82, 17, 17, 17, 93,
        91, 17, 17, 72, 73, 74, 17, 17, 17, 17, 17, 17, 17, 64, 66, 17, 17, 17, 17, 17, 17, 17, 17, 88, 89, 90, 17, 17, 17, 93,
        91, 17, 17, 80, 81, 82, 17, 17, 17, 17, 17, 17, 17, 72, 74, 17, 17, 17, 17, 17, 17, 17, 17, 112, 113, 114, 17, 17, 17, 93,
        91, 17, 17, 88, 89, 90, 17, 17, 17, 17, 17, 17, 17, 80, 82, 17, 17, 17, 17, 17, 17, 17, 17, 17, 17, 17, 17, 17, 17, 93,
        91, 17, 17, 112, 113, 114, 17, 17, 17, 17, 17, 17, 17, 88, 90, 17, 17, 17, 17, 17, 17, 17, 17, 17, 17, 17, 17, 17, 17, 93,
        91, 17, 17, 17, 17, 17, 17, 17, 17, 17, 17, 17, 17, 112, 114, 17, 17, 17, 17, 17, 17, 17, 17, 17, 17, 17, 17, 17, 17, 93,
        91, 17, 17, 17, 17, 17, 17, 17, 17, 17, 17, 17, 17, 17, 17, 17, 17, 17, 17, 17, 17, 17, 17, 17, 17, 17, 17, 17, 17, 93,
        91, 17, 17, 17, 17, 17, 17, 17, 17, 17, 17, 17, 17, 17, 17, 17, 17, 17, 17, 17, 17, 17, 17, 17, 17, 17, 17, 17, 17, 93,
        91, 17, 17, 17, 17, 17, 17, 17, 17, 17, 17, 17, 17, 17, 17, 17, 17, 17, 17, 17, 17, 17, 17, 17, 17, 17, 17, 17, 17, 93,
        99, 100, 100, 100, 100, 100, 100, 100, 100, 100, 100, 100, 100, 100, 101, 70, 70, 70, 99, 100, 100, 100, 100, 100, 100, 100, 100, 100, 100, 101,
        88, 89, 89, 89, 89, 89, 89, 89, 89, 89, 89, 89, 89, 89, 90, 78, 78, 78, 88, 89, 89, 89, 89, 89, 89, 89, 89, 89, 89, 90,
        66, 97, 97, 97, 97, 97, 97, 97, 97, 97, 97, 97, 97, 97, 98, 95, 95, 95, 96, 97, 97, 97, 97, 97, 97, 97, 97, 97, 97, 64,
        57, 65, 66, 24, 24, 24, 24, 24, 24, 24, 24, 12, 12, 24, 24, 24, 24, 24, 24, 24, 24, 24, 24, 24, 24, 24, 24, 24, 24, 72,
        73, 73, 74, 24, 24, 24, 24, 24, 24, 24, 24, 12, 12, 24, 24, 24, 24, 24, 24, 24, 24, 24, 24, 24, 24, 24, 24, 24, 24, 72,
        49, 81, 82, 24, 24, 24, 24, 24, 24, 24, 24, 12, 12, 24, 24, 24, 16, 24, 24, 24, 24, 24, 24, 24, 24, 24, 24, 24, 24, 72,
        74, 89, 90, 24, 12, 12, 24, 24, 14, 24, 24, 12, 12, 12, 24, 24, 24, 24, 24, 24, 24, 24, 24, 24, 24, 24, 24, 24, 24, 72,
        74, 97, 98, 12, 12, 24, 24, 24, 24, 24, 24, 24, 12, 12, 24, 24, 24, 24, 24, 24, 24, 24, 24, 24, 12, 24, 24, 24, 24, 72,
        74, 24, 12, 12, 12, 24, 24, 24, 24, 24, 24, 24, 24, 24, 24, 24, 24, 24, 24, 24, 24, 24, 24, 12, 12, 24, 24, 24, 24, 72,
        74, 24, 24, 24, 24, 24, 24, 24, 24, 24, 24, 24, 24, 24, 24, 24, 24, 24, 24, 14, 24, 24, 24, 12, 24, 24, 24, 24, 24, 72,
        74, 15, 24, 15, 24, 24, 23, 24, 24, 12, 24, 24, 24, 24, 24, 24, 24, 24, 24, 24, 24, 24, 24, 24, 24, 24, 24, 24, 24, 72,
        74, 24, 24, 24, 24, 24, 24, 24, 24, 24, 24, 24, 24, 24, 24, 24, 24, 24, 24, 24, 24, 24, 24, 24, 24, 24, 24, 24, 24, 72,
        74, 24, 24, 24, 24, 24, 24, 24, 24, 24, 24, 24, 24, 24, 24, 24, 24, 24, 24, 24, 24, 24, 24, 24, 24, 24, 24, 24, 24, 72,
        74, 24, 24, 24, 24, 24, 24, 24, 24, 24, 12, 12, 24, 24, 24, 24, 24, 24, 24, 24, 24, 24, 24, 24, 24, 24, 24, 24, 24, 72,
        74, 24, 24, 24, 14, 24, 24, 24, 24, 12, 12, 12, 24, 24, 24, 24, 24, 24, 24, 24, 24, 24, 24, 24, 24, 24, 24, 16, 24, 72,
        74, 24, 24, 24, 24, 24, 24, 24, 24, 24, 24, 24, 24, 24, 24, 24, 24, 24, 24, 24, 24, 24, 24, 24, 24, 24, 24, 24, 24, 72,
        57, 65, 65, 65, 65, 65, 65, 65, 65, 65, 65, 65, 65, 65, 66, 24, 24, 24, 24, 64, 65, 65, 65, 65, 65, 65, 65, 65, 65, 58
      }
    },
    {
      type = "tilelayer",
      name = "map",
      x = 0,
      y = 0,
      width = 30,
      height = 32,
      visible = true,
      opacity = 1,
      properties = {},
      encoding = "lua",
      data = {
        7, 7, 7, 7, 7, 7, 7, 7, 7, 7, 7, 7, 0, 0, 0, 0, 7, 7, 7, 7, 7, 7, 7, 7, 7, 7, 7, 7, 7, 7,
        7, 0, 0, 0, 0, 0, 0, 0, 0, 0, 0, 0, 0, 0, 0, 0, 0, 0, 0, 0, 0, 0, 0, 0, 0, 0, 0, 0, 0, 7,
        7, 0, 0, 0, 0, 0, 0, 0, 0, 11, 11, 0, 0, 0, 0, 0, 0, 0, 0, 0, 0, 0, 0, 0, 0, 0, 0, 0, 0, 7,
        7, 0, 0, 0, 0, 0, 0, 0, 0, 11, 11, 0, 0, 0, 0, 0, 0, 0, 0, 0, 0, 0, 0, 0, 0, 0, 0, 0, 0, 7,
        7, 0, 0, 0, 0, 0, 0, 0, 0, 11, 11, 0, 0, 0, 0, 0, 0, 0, 0, 0, 0, 0, 0, 11, 11, 11, 0, 0, 0, 7,
        7, 0, 0, 0, 0, 0, 0, 0, 0, 11, 11, 0, 0, 0, 0, 0, 0, 0, 0, 0, 0, 0, 0, 11, 11, 11, 0, 0, 0, 7,
        7, 0, 0, 11, 11, 11, 0, 0, 0, 0, 0, 0, 0, 0, 0, 0, 0, 0, 0, 0, 0, 0, 0, 11, 11, 11, 0, 0, 0, 7,
        7, 0, 0, 11, 11, 11, 0, 0, 0, 0, 0, 0, 0, 11, 11, 0, 0, 0, 0, 0, 0, 0, 0, 11, 11, 11, 0, 0, 0, 7,
        7, 0, 0, 11, 11, 11, 0, 0, 0, 0, 0, 0, 0, 11, 11, 0, 0, 0, 0, 0, 0, 0, 0, 11, 11, 11, 0, 0, 0, 7,
        7, 0, 0, 11, 11, 11, 0, 0, 0, 0, 0, 0, 0, 11, 11, 0, 0, 0, 0, 0, 0, 0, 0, 0, 0, 0, 0, 0, 0, 7,
        7, 0, 0, 11, 11, 11, 0, 0, 0, 0, 0, 0, 0, 11, 11, 0, 0, 0, 0, 0, 0, 0, 0, 0, 0, 0, 0, 0, 0, 7,
        7, 0, 0, 0, 0, 0, 0, 0, 0, 0, 0, 0, 0, 11, 11, 0, 0, 0, 0, 0, 0, 0, 0, 0, 0, 0, 0, 0, 0, 7,
        7, 0, 0, 0, 0, 0, 0, 0, 0, 0, 0, 0, 0, 0, 0, 0, 0, 0, 0, 0, 0, 0, 0, 0, 0, 0, 0, 0, 0, 7,
        7, 0, 0, 0, 0, 0, 0, 0, 0, 0, 0, 0, 0, 0, 0, 0, 0, 0, 0, 0, 0, 0, 0, 0, 0, 0, 0, 0, 0, 7,
        7, 0, 0, 0, 0, 0, 0, 0, 0, 0, 0, 0, 0, 0, 0, 0, 0, 0, 0, 0, 0, 0, 0, 0, 0, 0, 0, 0, 0, 7,
        7, 7, 7, 7, 7, 7, 7, 7, 7, 7, 11, 11, 11, 11, 11, 0, 0, 0, 7, 7, 7, 7, 7, 7, 7, 7, 7, 7, 7, 7,
        7, 11, 11, 11, 11, 11, 11, 11, 11, 11, 11, 11, 11, 11, 11, 0, 0, 0, 11, 11, 11, 11, 11, 11, 11, 11, 11, 11, 11, 7,
        7, 7, 7, 0, 0, 0, 0, 0, 0, 0, 0, 0, 0, 0, 0, 0, 0, 0, 0, 0, 0, 0, 0, 0, 0, 0, 0, 0, 0, 7,
        0, 0, 7, 0, 0, 0, 0, 0, 0, 0, 0, 0, 0, 0, 0, 0, 0, 0, 0, 0, 0, 0, 0, 0, 0, 0, 0, 0, 0, 7,
        0, 0, 7, 0, 0, 0, 0, 0, 0, 0, 0, 0, 0, 0, 0, 0, 0, 0, 0, 0, 0, 0, 0, 0, 0, 0, 0, 0, 0, 7,
        0, 7, 7, 0, 0, 0, 0, 0, 0, 0, 0, 0, 0, 0, 0, 0, 0, 0, 0, 0, 0, 0, 0, 0, 0, 0, 0, 0, 0, 7,
        7, 7, 0, 0, 0, 0, 0, 0, 0, 0, 0, 0, 0, 0, 0, 0, 0, 0, 0, 0, 0, 0, 0, 0, 0, 0, 0, 0, 0, 7,
        7, 0, 0, 0, 0, 0, 0, 0, 0, 0, 0, 0, 0, 0, 0, 0, 0, 0, 0, 0, 0, 0, 0, 0, 0, 0, 0, 0, 0, 7,
        7, 0, 0, 0, 0, 0, 0, 0, 0, 0, 0, 0, 0, 0, 0, 0, 0, 0, 0, 0, 0, 0, 0, 0, 0, 0, 0, 0, 0, 7,
        7, 0, 0, 0, 0, 0, 0, 0, 0, 0, 0, 0, 0, 0, 0, 0, 0, 0, 0, 0, 0, 0, 0, 0, 0, 0, 0, 0, 0, 7,
        7, 0, 0, 0, 0, 0, 0, 0, 0, 0, 0, 0, 0, 0, 0, 0, 0, 0, 0, 0, 0, 0, 0, 0, 0, 0, 0, 0, 0, 7,
        7, 0, 0, 0, 0, 0, 0, 0, 0, 0, 0, 0, 0, 0, 0, 0, 0, 0, 0, 0, 0, 0, 0, 0, 0, 0, 0, 0, 0, 7,
        7, 0, 0, 0, 0, 0, 0, 0, 0, 0, 0, 0, 0, 0, 0, 0, 0, 0, 0, 0, 0, 0, 0, 0, 0, 0, 0, 0, 0, 7,
        7, 0, 0, 0, 0, 0, 0, 0, 0, 0, 0, 0, 0, 0, 0, 0, 0, 0, 0, 0, 0, 0, 0, 0, 0, 0, 0, 0, 0, 7,
        7, 0, 0, 0, 0, 0, 0, 0, 0, 0, 0, 0, 0, 0, 0, 0, 0, 0, 0, 0, 0, 0, 0, 0, 0, 0, 0, 0, 0, 7,
        7, 0, 0, 0, 0, 0, 0, 0, 0, 0, 0, 0, 0, 0, 0, 0, 0, 0, 0, 0, 0, 0, 0, 0, 0, 0, 0, 0, 0, 7,
        7, 7, 7, 7, 7, 7, 7, 7, 7, 7, 7, 7, 7, 7, 7, 0, 0, 0, 0, 7, 7, 7, 7, 7, 7, 7, 7, 7, 7, 7
      }
    },
    {
      type = "objectgroup",
      name = "objects",
      visible = true,
      opacity = 1,
      properties = {},
      objects = {
        {
          name = "Door",
          type = "",
          shape = "rectangle",
          x = 480,
          y = 992,
          width = 128,
          height = 32,
          rotation = 0,
          visible = true,
          properties = {
            ["to"] = "town, 12, 0"
          }
        },
        {
          name = "NPC",
          type = "",
          shape = "rectangle",
          x = 576,
          y = 576,
          width = 32,
          height = 32,
          rotation = 0,
          visible = true,
          properties = {
            ["_the"] = "guard",
            ["event"] = "1",
            ["id"] = "11"
          }
        },
        {
          name = "Door",
          type = "",
          shape = "rectangle",
          x = 384,
          y = 0,
          width = 128,
          height = 32,
          rotation = 0,
          visible = true,
          properties = {
            ["to"] = "mountainpath1, 5, 27"
          }
        },
        {
          name = "Obj",
          type = "",
          shape = "rectangle",
          x = 480,
          y = 512,
          width = 96,
          height = 32,
          rotation = 0,
          visible = true,
          properties = {
            ["event"] = "2",
            ["id"] = "20"
          }
        }
      }
    }
  }
}
